Action|Crime|Thriller                                                           
+------+-----+
|rating|count|
+------+-----+
|   0.5|   14|
|   1.0|   36|
|   1.5|   18|
|   2.0|  108|
|   2.5|   64|
|   3.0|  437|
|   3.5|  175|
|   4.0|  394|
|   4.5|  116|
|   5.0|  192|
+------+-----+

Crime|Drama
+------+-----+
|rating|count|
+------+-----+
|   0.5|    7|
|   1.0|   19|
|   1.5|   16|
|   2.0|   66|
|   2.5|   55|
|   3.0|  261|
|   3.5|  258|
|   4.0|  739|
|   4.5|  336|
|   5.0|  558|
+------+-----+

Drama
+------+-----+
|rating|count|
+------+-----+
|   0.5|   44|
|   1.0|   99|
|   1.5|   49|
|   2.0|  287|
|   2.5|  295|
|   3.0| 1144|
|   3.5|  830|
|   4.0| 2055|
|   4.5|  593|
|   5.0|  895|
+------+-----+

Action|Adventure|Sci-Fi
+------+-----+
|rating|count|
+------+-----+
|   0.5|   27|
|   1.0|   60|
|   1.5|   47|
|   2.0|  190|
|   2.5|  114|
|   3.0|  453|
|   3.5|  296|
|   4.0|  597|
|   4.5|  190|
|   5.0|  387|
+------+-----+

Drama|Romance
+------+-----+
|rating|count|
+------+-----+
|   0.5|   26|
|   1.0|   73|
|   1.5|   36|
|   2.0|  144|
|   2.5|  104|
|   3.0|  514|
|   3.5|  374|
|   4.0|  853|
|   4.5|  257|
|   5.0|  457|
+------+-----+

Comedy|Romance
+------+-----+
|rating|count|
+------+-----+
|   0.5|   66|
|   1.0|  126|
|   1.5|   93|
|   2.0|  338|
|   2.5|  304|
|   3.0|  953|
|   3.5|  513|
|   4.0|  978|
|   4.5|  221|
|   5.0|  375|
+------+-----+

Action|Adventure|Thriller
+------+-----+
|rating|count|
+------+-----+
|   0.5|   17|
|   1.0|   46|
|   1.5|   14|
|   2.0|  122|
|   2.5|   78|
|   3.0|  416|
|   3.5|  164|
|   4.0|  386|
|   4.5|   87|
|   5.0|  125|
+------+-----+

Action|Adventure|Sci-Fi|Thriller
+------+-----+
|rating|count|
+------+-----+
|   0.5|   15|
|   1.0|   34|
|   1.5|   21|
|   2.0|  116|
|   2.5|   74|
|   3.0|  309|
|   3.5|  196|
|   4.0|  417|
|   4.5|   92|
|   5.0|  172|
+------+-----+

Drama|Thriller
+------+-----+
|rating|count|
+------+-----+
|   0.5|   12|
|   1.0|   43|
|   1.5|   30|
|   2.0|   97|
|   2.5|  110|
|   3.0|  302|
|   3.5|  179|
|   4.0|  397|
|   4.5|   95|
|   5.0|  100|
+------+-----+

Comedy
+------+-----+
|rating|count|
+------+-----+
|   0.5|  136|
|   1.0|  348|
|   1.5|  256|
|   2.0|  828|
|   2.5|  515|
|   3.0| 1614|
|   3.5|  854|
|   4.0| 1586|
|   4.5|  403|
|   5.0|  656|
+------+-----+

Comedy|Drama|Romance
+------+-----+
|rating|count|
+------+-----+
|   0.5|   36|
|   1.0|   53|
|   1.5|   42|
|   2.0|  210|
|   2.5|  165|
|   3.0|  572|
|   3.5|  433|
|   4.0|  865|
|   4.5|  253|
|   5.0|  371|
+------+-----+

Comedy|Drama
+------+-----+
|rating|count|
+------+-----+
|   0.5|   20|
|   1.0|   68|
|   1.5|   43|
|   2.0|  209|
|   2.5|  161|
|   3.0|  585|
|   3.5|  369|
|   4.0|  851|
|   4.5|  222|
|   5.0|  323|
+------+-----+
